91
86
83
79
81
77
78
80
76
72
75
80
77
76
88
85
78
74
69
73
76
82
77
77
77
80
82
77
82
80
78
76
79
76
85
80
77
82
96
95
83
90
93
83
91
87
77
87
85
85
89
96
81
101
94
77
81
78
70
73
77
87
70
80
79
85
78
76
80
77
82
82
84
91
89
85
92
90
92
99
87
92
91
90
97
90
84
80
77
77
87
77
89
88
86
82
78
88
86
78
86
90
89
88
86
84
79
85
91
81
72
85
88
90
85
75
84
82
88
94
94
90
91
82
82
77
80
82
90
76
75
77
79
77
90
87
80
87
84
87
82
89
91
94
88
72
77
78
78
86
89
85
86
82
90
78
82
88
92
83
77
80
85
75
94
98
91
89
83
83
89
84
89
75
75
71
71
76
83
84
90
86
81
84
79
89
81
80
79
74
77
73
75
82
85
79
85
85
80
83
