66
80
76
79
71
71
71
64
64
64
71
73
73
63
72
72
68
63
58
72
61
74
73
67
71
71
68
71
80
71
63
63
74
73
68
72
72
74
88
72
72
65
75
70
72
72
66
66
65
77
67
67
69
74
82
67
65
65
65
65
66
66
66
66
66
66
66
72
72
60
76
69
69
79
69
69
68
69
75
85
66
78
72
75
72
72
77
68
68
72
76
73
72
76
76
76
72
74
74
71
71
71
75
70
70
65
65
69
69
63
63
76
71
78
71
64
70
70
82
65
82
81
76
70
68
66
70
75
75
70
70
70
69
72
77
77
68
72
72
71
71
75
70
71
71
65
69
65
65
65
65
75
75
75
79
74
75
75
67
75
70
77
70
57
75
72
77
76
76
78
82
71
77
61
62
62
66
69
69
75
75
83
63
79
63
70
69
69
69
64
72
72
73
75
74
74
74
70
70
65
